PRICE = 6.465940347251696e-05 + -0.0026632754658709383 * departure_time + 0.104308948045109 * stops + 0.018115817746831533 * arrival_time + 0.026040501748192873 * duration + -0.0780831756354624 * days_left + -0.9332141739077996 * Economy
Traning Time: 1m45s

Logs:
MSE: 0.10
RMSE: 0.31
MAE: 0.20
R2: 0.90
