PRICE = 5.21621669484713e-060.002101993217731159 * departure_time + 0.011930519966338699 * stops + -0.00014291059629373767 * arrival_time + 0.02042335876033488 * duration + -0.009160011381047719 * days_left + -0.09375390379948217 * Economy
Traning Time: 1.2585844993591309s
Logs:MSE: 0.8230243877902312
RMSE: 0.9072069156428599
MAE: 0.7838234030945337
R2: 0.17854057412770563
