PRICE = 5.3467859297719895e-05 + -0.004400896133685695 * departure_time + 0.09820453053073093 * stops + 0.019571369400682853 * arrival_time + 0.03301256350376838 * duration + -0.07772491296741056 * days_left + -0.9299971519994554 * Economy
Traning Time: 86.31541299819946s

Logs:
MSE: 0.09878449400146559
RMSE: 0.31430000636567856
MAE: 0.20271030337148666
R2: 0.9014033424387279
